Alba Jessica Woman Tue 19 Jul 2016 12:11 
26 27 46 3 13 5 
23 43 17 44 10 6 
37 27 48 8 18 5 
45 9 4 24 12 22 
21 40 48 47 1 35 
9 48 45 12 46 41 
25 49 4 47 29 16 
29 4 12 27 25 16 
48 49 6 7 19 45 
16 15 37 44 28 32 
Anderson Pamela Woman Sun 1 May 2016 11:11 
17 24 23 29 36 42 
14 46 44 9 23 23 
24 7 34 2 34 12 
26 27 46 3 13 5 
23 43 17 44 10 6 
37 27 48 8 18 5 
45 9 4 24 12 22 
21 40 48 47 1 35 
9 48 45 12 46 41 
Banaszak Lolita Woman Fri 16 Dec 2016 12:34 
1 10 23 30 38 47 
9 24 26 33 40 48 
8 14 26 33 47 41 
7 12 15 16 41 48 
6 14 20 27 28 40 
Brosnan Pierce Man Tue 9 Aug 2016 13:12 
17 39 40 27 25 18 
25 49 4 47 29 16 
29 4 12 27 25 16 
Burak Helena Woman Mon 28 Nov 2016 19:56 
2 5 16 18 37 39 
8 10 28 40 43 46 
24 25 29 31 34 47 
Elfie Eva Woman Fri 11 Nov 2016 11:11 
45 9 4 24 12 22 
21 40 48 47 1 35 
9 48 45 12 46 41 
25 49 4 47 29 16 
29 4 12 27 25 16 
48 49 6 7 19 45 
16 15 37 44 28 32 
Fajfus Tadeusz Man Tue 6 Dec 2016 18:01 
7 13 21 37 41 2 
3 6 23 40 41 3 
6 17 23 24 35 12 
15 30 33 34 49 15 
6 7 8 26 49 18 
8 10 15 25 31 20 
Grey Sasha Woman Wen 18 May 2016 19:10 
48 49 6 7 19 45 
16 15 37 44 28 32 
49 47 21 46 24 35 
Hartley Nina Woman Fri 9 Dec 2016 15:11 
17 39 40 27 25 18 
25 49 4 47 29 16 
29 4 12 27 25 16 
Jeremy Ron Man Mon 10 Oct 2016 12:11 
5 31 21 29 22 11 
4 40 17 6 37 29 
Khalifa Mia Woman Wen 10 Feb 2016 17:21 
25 49 4 47 29 16 
29 4 12 27 25 16 
4 10 23 27 28 39 
2 8 17 31 36 42 
Krupa Joanna Woman Sat 19 Nov 2016 21:20 
32 14 45 38 37 11 
Lopez Jennifer Woman Wen 21 Dec 2016 12:11 
32 14 45 38 37 11 
41 16 25 46 34 48 
5 31 21 29 22 11 
4 40 17 6 37 29 
5 31 21 29 22 11 
41 16 25 46 34 48 
Mendes Eva Woman Sat 20 Aug 2016 10:21 
12 23 38 42 46 49 
4 5 23 32 39 44 
6 9 10 16 28 43 
4 10 23 27 28 39 
2 8 17 31 36 42 
Mielnus Katarzyna Woman Fri 2 Dec 2016 12:11 
10 24 27 31 41 46 
12 23 38 42 46 49 
4 5 23 32 39 44 
6 9 10 16 28 43 
4 10 23 27 28 39 
2 8 17 31 36 42 
15 17 26 29 32 47 
Moore Demi Woman Fri 2 Sep 2016 17:05 
22 44 40 33 7 30 
8 1 31 4 17 28 
13 29 38 33 6 19 
47 13 3 31 16 36 
34 11 20 29 49 6 
25 8 44 22 10 26 
Mucha Anna Woman Wen 12 Oct 2016 21:18 
9 48 45 12 46 41 
21 40 48 47 1 35 
45 9 4 24 12 22 
37 27 48 8 18 5 
23 43 17 44 10 6 
26 27 46 3 13 5 
14 46 44 9 24 7 
Pawlik Pamela Woman Thu 24 Nov 2016 10:12 
1 2 15 33 43 45 
9 13 17 21 29 47 
10 14 18 27 38 43 
3 5 6 18 24 42 
Piernik Marcin Man Sun 4 Dec 2016 13:20 
27 29 40 43 44 49 
7 15 32 37 29 42 
Sins Johnny Man Mon 29 Feb 2016 12:31 
21 40 48 47 1 35 
9 48 45 12 46 41 
25 49 4 47 29 16 
29 4 12 27 25 16 
48 49 6 7 19 45 
16 15 37 44 28 32 
Zeta-Jones Catherine Woman Tue 27 Sep 2016 10:02 
17 24 23 29 36 42 
48 49 6 7 19 45 
16 15 37 44 28 35 
49 47 23 46 24 35 

  1: 8 |   2: 7 |   3: 7 |   4:24 |   5:13 |   6:19 | 
  7:12 |   8:12 |   9:15 |  10:14 |  11: 6 |  12:20 | 
 13: 7 |  14: 7 |  15:12 |  16:24 |  17:16 |  18: 9 | 
 19: 6 |  20: 3 |  21:11 |  22: 9 |  23:18 |  24:15 | 
 25:19 |  26: 8 |  27:21 |  28:13 |  29:26 |  30: 3 | 
 31:11 |  32:10 |  33: 6 |  34: 7 |  35: 9 |  36: 6 | 
 37:15 |  38: 7 |  39: 8 |  40:15 |  41:12 |  42: 9 | 
 43: 9 |  44:15 |  45:17 |  46:18 |  47:19 |  48:22 | 
 49:19 | 